10000000000000000000000000000000
00000000000000001000000000000000
10000000000000001000000000000000
00000000100000000000000000000000
00000000000000000000000010000000
00000000100000000000000010000000
10000000100000000000000000000000
00000000000000001000000010000000
10000000100000001000000010000000
00100000000000000000000000000000
00000000000000000010000000000000
00100000000000000010000000000000
00000000001000000000000000000000
00000000000000000000000000100000
00000000001000000000000000100000
00100000001000000000000000000000
00000000000000000010000000100000
00100000001000000010000000100000
10100000000000000000000000000000
00000000000000001010000000000000
10100000000000001010000000000000
00000000101000000000000000000000
00000000000000000000000010100000
00000000101000000000000010100000
10100000101000000000000000000000
00000000000000001010000010100000
10100000101000001010000010100000
01000000000000000000000000000000
00000000000000000100000000000000
01000000000000000100000000000000
00000000010000000000000000000000
00000000000000000000000001000000
00000000010000000000000001000000
01000000010000000000000000000000
00000000000000000100000001000000
01000000010000000100000001000000
00010000000000000000000000000000
00000000000000000001000000000000
00010000000000000001000000000000
00000000000100000000000000000000
00000000000000000000000000010000
00000000000100000000000000010000
00010000000100000000000000000000
00000000000000000001000000010000
00010000000100000001000000010000
01010000000000000000000000000000
00000000000000000101000000000000
01010000000000000101000000000000
00000000010100000000000000000000
00000000000000000000000001010000
00000000010100000000000001010000
01010000010100000000000000000000
00000000000000000101000001010000
01010000010100000101000001010000
00001000000000000000000000000000
00000000000000000000100000000000
00001000000000000000100000000000
00000000000010000000000000000000
00000000000000000000000000001000
00000000000010000000000000001000
00001000000010000000000000000000
00000000000000000000100000001000
00001000000010000000100000001000
00000010000000000000000000000000
00000000000000000000001000000000
00000010000000000000001000000000
00000000000000100000000000000000
00000000000000000000000000000010
00000000000000100000000000000010
00000010000000100000000000000000
00000000000000000000001000000010
00000010000000100000001000000010
00001010000000000000000000000000
00000000000000000000101000000000
00001010000000000000101000000000
00000000000010100000000000000000
00000000000000000000000000001010
00000000000010100000000000001010
00001010000010100000000000000000
00000000000000000000101000001010
00001010000010100000101000001010
00000100000000000000000000000000
00000000000000000000010000000000
00000100000000000000010000000000
00000000000001000000000000000000
00000000000000000000000000000100
00000000000001000000000000000100
00000100000001000000000000000000
00000000000000000000010000000100
00000100000001000000010000000100
00000001000000000000000000000000
00000000000000000000000100000000
00000001000000000000000100000000
00000000000000010000000000000000
00000000000000000000000000000001
00000000000000010000000000000001
00000001000000010000000000000000
00000000000000000000000100000001
00000001000000010000000100000001
00000101000000000000000000000000
00000000000000000000010100000000
00000101000000000000010100000000
00000000000001010000000000000000
00000000000000000000000000000101
00000000000001010000000000000101
00000101000001010000000000000000
00000000000000000000010100000101
00000101000001010000010100000101
11000000000000000000000000000000
00000000000000001100000000000000
11000000000000001100000000000000
00000000110000000000000000000000
00000000000000000000000011000000
00000000110000000000000011000000
11000000110000000000000000000000
00000000000000001100000011000000
11000000110000001100000011000000
00110000000000000000000000000000
00000000000000000011000000000000
00110000000000000011000000000000
00000000001100000000000000000000
00000000000000000000000000110000
00000000001100000000000000110000
00110000001100000000000000000000
00000000000000000011000000110000
00110000001100000011000000110000
11110000000000000000000000000000
00000000000000001111000000000000
11110000000000001111000000000000
00000000111100000000000000000000
00000000000000000000000011110000
00000000111100000000000011110000
11110000111100000000000000000000
00000000000000001111000011110000
11110000111100001111000011110000
00001100000000000000000000000000
00000000000000000000110000000000
00001100000000000000110000000000
00000000000011000000000000000000
00000000000000000000000000001100
00000000000011000000000000001100
00001100000011000000000000000000
00000000000000000000110000001100
00001100000011000000110000001100
00000011000000000000000000000000
00000000000000000000001100000000
00000011000000000000001100000000
00000000000000110000000000000000
00000000000000000000000000000011
00000000000000110000000000000011
00000011000000110000000000000000
00000000000000000000001100000011
00000011000000110000001100000011
00001111000000000000000000000000
00000000000000000000111100000000
00001111000000000000111100000000
00000000000011110000000000000000
00000000000000000000000000001111
00000000000011110000000000001111
00001111000011110000000000000000
00000000000000000000111100001111
00001111000011110000111100001111
10001000000000000000000000000000
00000000000000001000100000000000
10001000000000001000100000000000
00000000100010000000000000000000
00000000000000000000000010001000
00000000100010000000000010001000
10001000100010000000000000000000
00000000000000001000100010001000
10001000100010001000100010001000
00100010000000000000000000000000
00000000000000000010001000000000
00100010000000000010001000000000
00000000001000100000000000000000
00000000000000000000000000100010
00000000001000100000000000100010
00100010001000100000000000000000
00000000000000000010001000100010
00100010001000100010001000100010
10101010000000000000000000000000
00000000000000001010101000000000
10101010000000001010101000000000
00000000101010100000000000000000
00000000000000000000000010101010
00000000101010100000000010101010
10101010101010100000000000000000
00000000000000001010101010101010
10101010101010101010101010101010
01000100000000000000000000000000
00000000000000000100010000000000
01000100000000000100010000000000
00000000010001000000000000000000
00000000000000000000000001000100
00000000010001000000000001000100
01000100010001000000000000000000
00000000000000000100010001000100
01000100010001000100010001000100
00010001000000000000000000000000
00000000000000000001000100000000
00010001000000000001000100000000
00000000000100010000000000000000
00000000000000000000000000010001
00000000000100010000000000010001
00010001000100010000000000000000
00000000000000000001000100010001
00010001000100010001000100010001
01010101000000000000000000000000
00000000000000000101010100000000
01010101000000000101010100000000
00000000010101010000000000000000
00000000000000000000000001010101
00000000010101010000000001010101
01010101010101010000000000000000
00000000000000000101010101010101
01010101010101010101010101010101
11001100000000000000000000000000
00000000000000001100110000000000
11001100000000001100110000000000
00000000110011000000000000000000
00000000000000000000000011001100
00000000110011000000000011001100
11001100110011000000000000000000
00000000000000001100110011001100
11001100110011001100110011001100
00110011000000000000000000000000
00000000000000000011001100000000
00110011000000000011001100000000
00000000001100110000000000000000
00000000000000000000000000110011
00000000001100110000000000110011
00110011001100110000000000000000
00000000000000000011001100110011
00110011001100110011001100110011
11111111000000000000000000000000
00000000000000001111111100000000
11111111000000001111111100000000
00000000111111110000000000000000
00000000000000000000000011111111
00000000111111110000000011111111
11111111111111110000000000000000
00000000000000001111111111111111
11111111111111111111111111111111