1000000000000000
0000000010000000
1000000010000000
0010000000000000
0000000000100000
0010000000100000
1010000000000000
0000000010100000
1010000010100000
0100000000000000
0000000001000000
0100000001000000
0001000000000000
0000000000010000
0001000000010000
0101000000000000
0000000001010000
0101000001010000
0000100000000000
0000000000001000
0000100000001000
0000001000000000
0000000000000010
0000001000000010
0000101000000000
0000000000001010
0000101000001010
0000010000000000
0000000000000100
0000010000000100
0000000100000000
0000000000000001
0000000100000001
0000010100000000
0000000000000101
0000010100000101
1100000000000000
0000000011000000
1100000011000000
0011000000000000
0000000000110000
0011000000110000
1111000000000000
0000000011110000
1111000011110000
0000110000000000
0000000000001100
0000110000001100
0000001100000000
0000000000000011
0000001100000011
0000111100000000
0000000000001111
0000111100001111
1000100000000000
0000000010001000
1000100010001000
0010001000000000
0000000000100010
0010001000100010
1010101000000000
0000000010101010
1010101010101010
0100010000000000
0000000001000100
0100010001000100
0001000100000000
0000000000010001
0001000100010001
0101010100000000
0000000001010101
0101010101010101
1100110000000000
0000000011001100
1100110011001100
0011001100000000
0000000000110011
0011001100110011
1111111100000000
0000000011111111
1111111111111111